700 700 700 700 700 700 700
700 700 700 700 700 700 700
700 700 700 700 700 700 700
700 700 700 700 700 700 700
700 700 700 700 700 700 700
700 700 700 700 700 700 700
700 700 700 700 700 700 700
700 700 700 700 700 700 700
700 700 700 700 700 700 700
700 700 700 700 700 700 700
700 700 700 700 700 700 700
700 700 700 700 700 700 700
700 700 700 700 700 700 700
700 700 700 700 700 700 700
700 700 700 700 700 700 700
700 700 700 700 700 700 700
700 700 700 700 700 700 700
700 700 700 700 700 700 700
700 700 700 700 700 700 700
700 700 700 700 700 700 700
700 700 700 700 700 700 700
700 700 700 700 700 700 700
700 700 700 700 700 700 700
700 700 700 700 700 700 700
700 700 700 700 700 700 700
700 700 700 700 700 700 700
700 700 700 700 700 700 700
700 700 700 700 700 700 700
700 700 700 700 700 700 700
700 700 700 700 700 700 700
700 700 700 700 700 700 700
700 700 700 700 700 700 700
700 700 700 700 700 700 700
700 700 700 700 700 700 700
700 700 700 700 700 700 700
700 700 700 700 700 700 700
700 700 700 700 700 700 700
700 700 700 700 700 700 700
700 700 700 700 700 1000 700
700 700 700 700 700 700 700
700 700 700 700 700 700 700
700 700 700 700 700 700 700
700 700 700 700 700 700 700
700 700 700 700 700 700 700
700 700 700 700 700 700 700
700 700 700 700 700 700 700
700 700 700 700 700 700 700
700 700 700 700 700 700 700
