1231 123 123 123 123 123 123
123 123 123 123 123 123 123
123 123 123 123 123 123 123
123 123 123 123 123 123 123
123 123 123 123 123 123 123
123 123 123 123 123 123 123
123 123 123 123 123 123 123
123 123 123 123 123 123 123
123 123 123 123 123 123 123
123 123 123 123 123 123 123
123 123 123 123 123 123 123
123 123 123 123 123 123 123
123 123 123 123 123 123 123
123 123 123 123 123 123 123
123 123 123 123 123 123 123
123 123 123 123 123 123 123
123 123 123 123 123 123 123
123 123 123 123 123 123 123
123 123 123 123 123 123 123
123 123 123 123 123 123 123
123 123 123 123 123 123 123
123 123 123 123 123 123 123
123 123 123 123 123 123 123
123 123 123 123 123 123 123
123 123 123 123 123 123 123
123 123 123 123 123 123 123
123 123 123 123 123 123 123
123 123 123 123 123 123 123
123 123 123 123 123 123 123
123 123 123 123 123 123 123
123 123 123 123 123 123 123
123 123 123 123 123 123 123
123 123 123 123 123 123 123
123 123 123 123 123 123 123
123 123 123 123 123 123 123
123 123 123 123 123 123 123
123 123 123 123 123 123 123
123 123 123 123 123 123 123
123 123 123 123 123 123 123
123 123 123 123 123 123 123
123 123 123 123 123 123 123
123 123 123 123 123 123 123
123 123 123 123 123 123 123
123 123 123 123 123 123 123
123 123 123 123 123 123 123
123 123 123 123 123 123 123
123 123 123 123 123 123 123
123 123 123 123 123 123 123
