555 555 555 555 555 555 555
555 555 555 555 555 555 555
555 555 555 555 555 555 555
555 555 555 555 555 555 555
555 555 555 555 555 555 555
555 555 555 555 555 555 555
555 555 555 555 555 555 555
555 555 555 555 555 555 555
555 555 555 555 555 555 555
555 555 555 555 555 555 555
555 555 555 555 555 555 555
555 555 555 555 555 555 555
555 555 555 555 555 555 555
555 555 555 555 555 555 555
555 555 555 555 555 555 555
555 555 555 555 555 555 555
555 555 555 555 555 555 555
555 555 555 555 555 555 555
555 555 555 555 555 555 555
555 555 555 555 555 555 555
555 555 555 555 555 555 555
555 555 555 555 555 555 555
555 555 555 555 555 555 555
555 555 555 555 555 555 555
555 555 555 555 555 555 555
555 555 555 555 555 555 555
555 555 555 555 555 555 555
555 555 555 555 555 555 555
555 555 555 555 555 555 555
555 555 5 555 555 555 555
555 555 555 555 555 555 555
555 555 555 555 555 555 555
555 555 555 555 555 555 555
555 555 555 555 555 555 555
555 555 555 555 555 555 555
555 555 555 555 555 555 555
555 555 555 555 555 555 555
555 555 555 555 555 555 555
555 555 555 555 555 555 555
555 555 555 555 555 555 555
555 555 555 555 555 555 555
555 555 555 555 555 555 555
555 555 555 555 555 555 555
555 555 555 555 555 555 555
555 555 555 555 555 555 555
555 555 555 555 555 555 555
555 555 555 555 555 555 555
555 555 555 555 555 555 555
