450 1000 1000 1000 1000 1000 1000
1000 1000 1000 1000 1000 1000 1000
1000 450 1000 1000 1000 1000 1000
1000 1000 1000 1000 1000 450 1000
1000 1000 1000 1000 1000 1000 1000
1000 450 1000 1000 1000 1000 1000
1000 1000 1000 1000 1000 1000 450
1000 1000 1000 450 1000 1000 1000
1000 1000 1000 1000 1000 1000 1000
1000 1000 1000 1000 1000 1000 1000
1000 1000 1000 1000 450 1000 1000
1000 450 1000 1000 1000 450 1000
1000 1000 1000 450 1000 1000 1000
1000 1000 1000 1000 1000 1000 1000
1000 1000 1000 1000 1000 1000 1000
1000 1000 1000 1000 1000 1000 1000
1000 1000 1000 1000 1000 1000 450
1000 1000 1000 1000 1000 1000 1000
1000 1000 1000 1000 1000 1000 1000
1000 1000 1000 1000 1000 1000 1000
1000 1000 1000 1000 450 450 1000
1000 450 1000 1000 1000 1000 1000
1000 100 1000 1000 1000 1000 1000
1000 1000 1000 450 1000 1000 1000
1000 1000 1000 1000 1000 1000 450
1000 1000 1000 1000 1000 1000 1000
1000 1000 1000 1000 1000 1000 1000
1000 1000 1000 1000 1000 1000 1000
1000 1000 1000 1000 1000 450 1000
1000 450 450 1000 450 1000 1000
1000 1000 1000 1000 1000 1000 1000
1000 1000 1000 1000 1000 1000 1000
1000 1000 450 1000 1000 1000 1000
1000 1000 1000 1000 1000 1000 1000
1000 1000 1000 1000 1000 1000 1000
1000 1000 1000 1000 1000 1000 1000
1000 1000 1000 1000 450 1000 1000
1000 1000 1000 1000 1000 1000 1000
1000 1000 1000 450 1000 1000 1000
1000 1000 1000 1000 1000 1000 450
1000 1000 1000 1000 1000 1000 1000
1000 450 1000 1000 450 1000 1000
1000 1000 1000 1000 1000 1000 1000
1000 1000 1000 1000 1000 1000 1000
1000 1000 1000 1000 1000 1000 1000
1000 1000 1000 1000 1000 1000 1000
1000 1000 1000 1000 1000 1000 1000
1000 1000 1000 1000 1000 1000 1000
