470 470 470 470 470 470 470
470 470 470 470 470 470 470
470 470 470 470 470 470 470
470 47 470 470 470 470 470
470 47 470 470 470 470 470
470 470 470 470 470 470 470
470 470 470 470 470 470 470
470 47 47 470 470 470 470
470 470 470 470 470 470 470
470 470 47 470 470 470 470
470 470 470 47 470 470 470
470 470 470 470 470 470 470
470 470 470 470 470 470 470
470 470 470 470 470 470 470
470 470 470 470 470 470 470
470 470 470 470 470 470 470
470 470 470 470 470 470 470
470 470 470 470 470 470 470
470 470 470 470 470 470 470
470 470 470 470 470 470 470
470 470 470 470 470 470 470
470 470 470 470 470 470 470
470 470 470 470 470 470 470
470 470 470 470 470 470 470
470 470 470 470 470 470 470
470 470 470 470 470 470 470
470 470 470 470 470 470 470
470 470 470 470 470 470 470
470 470 470 470 470 470 470
470 470 470 470 470 470 470
470 470 470 470 470 470 470
470 470 470 470 470 470 470
470 470 470 470 470 470 470
470 470 470 470 470 470 470
470 470 470 470 470 470 470
470 470 470 470 470 470 470
470 470 470 470 470 470 470
470 470 470 470 470 470 470
470 470 470 470 470 470 470
470 470 470 470 470 470 470
470 470 470 470 470 470 470
470 470 470 470 470 470 470
470 470 470 470 470 470 470
470 470 470 470 470 470 470
470 470 470 470 470 470 470
470 470 470 470 470 470 470
470 470 470 470 470 470 470
470 470 470 470 470 470 470
