300 300 300 300 300 300 300
300 300 300 300 300 300 300
300 300 300 300 300 300 300
300 300 300 300 300 300 300
300 300 300 300 300 300 300
300 300 300 300 300 300 300
300 250 300 300 300 300 300
0 160 300 300 300 0 0
300 250 300 300 300 0 0
300 300 0 300 300 0 300
177 300 300 300 300 300 300
300 350 300 300 260 300 300
300 300 300 300 300 300 300
300 300 300 300 300 300 300
300 300 300 260 300 300 300
300 300 300 300 300 300 300
300 260 300 300 300 300 300
300 300 300 300 300 300 300
300 300 300 300 300 300 300
300 300 300 300 300 300 300
300 300 300 300 300 300 300
300 300 300 300 300 300 300
300 300 300 300 300 300 300
300 300 300 300 300 300 300
300 300 300 300 300 300 300
300 300 300 300 300 300 300
300 300 300 300 300 300 300
300 300 300 300 300 300 300
300 300 300 300 300 300 300
300 300 300 300 300 300 300
55 300 300 300 300 300 300
300 300 300 300 300 300 300
300 300 300 300 300 300 300
300 300 300 300 300 300 300
300 300 300 300 300 300 300
300 300 300 300 300 300 300
300 300 300 300 300 300 300
300 300 300 300 300 300 300
300 300 300 300 300 300 300
300 300 300 300 300 300 300
300 300 300 300 300 300 300
300 300 300 300 300 300 300
300 300 300 300 300 300 300
300 300 300 300 300 300 300
300 300 300 300 300 300 300
300 300 300 300 300 300 300
300 300 300 300 300 300 300
300 300 300 300 300 300 300
