500 500 500 500 500 600 600
500 500 500 500 500 600 600
500 500 500 500 500 600 600
500 500 500 500 500 600 600
400 400 400 400 400 500 500
400 400 400 400 400 500 500
400 400 400 400 400 500 500
300 300 300 300 300 200 200
300 300 300 300 300 200 200
300 300 300 300 300 200 200
400 400 400 400 400 300 300
400 400 400 400 400 300 300
800 800 800 800 800 500 500
800 800 800 800 800 500 500
1000 1000 1000 1000 1000 800 700
1000 1000 1000 1000 1000 800 700
1000 1000 1000 1000 1000 800 700
1000 1000 1000 1000 1000 800 700
1000 1000 1000 1000 1000 800 700
1000 1000 1000 1000 1000 800 700
900 900 900 900 900 1000 1000
900 900 900 900 900 1000 1000
900 900 900 900 900 1000 1000
900 900 900 900 900 1000 1000
900 900 900 900 900 1000 1000
900 900 900 900 900 1000 1000
1000 1000 1000 1000 1000 1000 1000
1000 1000 1000 1000 1000 1000 1000
1000 1000 1000 1000 1000 1000 1000
1000 1000 1000 1000 1000 1000 1000
1200 1200 1200 1200 1200 1100 1100
1200 1200 1200 1200 1200 1100 1100
1200 1200 1200 1200 1200 1100 1100
1200 1200 1200 1200 1200 1100 1100
1100 1100 1100 1100 1100 1000 1000
1100 1100 1100 1100 1100 1000 1000
1100 1100 1100 1100 1100 1000 1000
1100 1100 1100 1100 1100 1000 1000
1000 1000 1000 1000 1000 1000 1000
1000 1000 1000 1000 1000 1000 1000
800 800 800 800 800 1000 1000
800 800 800 800 800 1000 1000
800 800 800 800 800 1000 1000
800 800 800 800 800 1000 1000
700 700 700 700 900 900 700
700 700 700 700 900 900 700
700 700 700 700 900 900 700
700 700 700 700 900 900 700
