450 450 450 450 450 450 450
450 450 450 450 450 450 450
450 450 450 450 450 450 450
450 450 450 450 450 450 450
450 300 450 450 450 450 450
450 450 450 450 450 450 450
450 450 450 450 450 450 450
450 450 450 450 450 450 450
450 450 450 450 450 450 450
450 450 450 450 450 450 450
450 450 450 450 450 450 450
450 450 450 450 450 450 450
450 450 450 450 450 450 450
450 450 450 450 450 450 450
450 450 450 450 450 450 450
450 450 450 450 450 450 450
450 450 450 450 450 450 450
450 450 450 450 450 450 450
450 450 450 450 450 450 450
450 450 450 450 450 450 450
450 450 450 450 450 450 450
450 450 450 450 450 450 450
450 450 450 450 450 450 450
450 450 450 450 450 450 450
450 450 450 450 450 450 450
450 450 450 450 450 450 450
450 450 450 450 450 450 450
450 450 450 450 450 450 450
450 450 450 450 450 450 450
450 450 450 450 450 450 450
450 450 450 450 450 450 450
450 450 450 450 450 450 450
450 450 450 450 450 450 450
450 450 450 450 450 450 450
450 450 450 450 450 450 450
450 450 450 450 450 450 450
450 450 450 450 450 450 450
450 450 450 450 450 450 450
450 450 450 450 450 450 450
450 450 450 450 450 450 450
450 450 450 450 450 450 450
450 450 450 450 450 450 450
450 450 450 450 450 450 450
450 450 450 450 450 450 450
450 450 450 450 450 450 450
450 450 450 450 450 450 450
450 450 450 450 450 450 450
450 450 450 450 450 450 450
