0 0 300
0 1 300
0 2 300
0 3 300
0 4 300
0 5 300
0 6 300
1 0 300
1 1 300
1 2 300
1 3 300
1 4 300
1 5 300
1 6 300
2 0 300
2 1 300
2 2 300
2 3 300
2 4 300
2 5 300
2 6 300
3 0 300
3 1 300
3 2 300
3 3 300
3 4 300
3 5 300
3 6 300
4 0 300
4 1 300
4 2 300
4 3 300
4 4 300
4 5 300
4 6 300
5 0 300
5 1 300
5 2 300
5 3 300
5 4 300
5 5 300
5 6 300
6 0 300
6 1 300
6 2 300
6 3 300
6 4 300
6 5 300
6 6 300
7 0 300
7 1 300
7 2 300
7 3 300
7 4 300
7 5 300
7 6 300
8 0 300
8 1 300
8 2 300
8 3 300
8 4 300
8 5 300
8 6 300
9 0 300
9 1 300
9 2 300
9 3 300
9 4 300
9 5 300
9 6 300
10 0 300
10 1 300
10 2 300
10 3 300
10 4 300
10 5 300
10 6 300
11 0 300
11 1 300
11 2 300
11 3 300
11 4 300
11 5 300
11 6 300
12 0 300
12 1 300
12 2 300
12 3 300
12 4 300
12 5 300
12 6 300
13 0 300
13 1 110
13 5 300
13 6 300
14 6 300
15 6 300
16 6 300
17 6 300
18 6 300
19 6 300
44 0 300
44 1 300
44 2 300
44 3 300
44 6 300
45 0 300
45 1 300
45 2 300
45 3 300
45 6 300
46 0 300
46 1 300
46 2 300
46 3 300
46 6 300
47 0 300
47 1 300
47 2 300
47 3 300
47 6 300
